17660
18952
19880
19944
20464
20464
21584
21592
21592
21600
21600
23268
23272
23296
24232
24576
24704
24716
24728
24728
26608
26612
26884
26712
26812
26812
26864
26868
26860
26860
26880
27840
27840
27840
27928
27928
27928
27936
27960
25152
24996
25016
25120
25164
26776
26792
26824
25212
25132
25164
26032
26032
26064
26136
26544
27452
27376
27452
27596
27620
27628
27664
28340
10444
12108
12164
13612
23032
23076
23652
17124
31368
30500
30960
31148
31852
38640
38812
38960
39028
32172
32200
34652
34960
35968
36004
37176
37228
44188
37144
40064
43512
44072
44260
44364
44428
45540
45636
45712
45076
45124
45272
45280
45316
49060
49068
49124
49368
49372
49436
49500
49504
49620
49644
51268
50644
51504
51668
53736
53872
54204
56012
64396
64636
66488
66768
66964
66880
67240
67664
67872
68112
68288
68476
68568
67316
67788
68020
69584
70040
70244
70952
71432
79252
80052
80256
81852
82240
82448
82740
82944
83128
83816
84052
84260
84516
104616
105008
105360
102452
92860
93520
94828
97488
99748
101520
101960
103032
103868
106472
107312
115932
116736
119092
122572
122672
123080
123632
126972
129420
130608
131144
133936
134592
136080
136756
138064
139540
140124
140820
141536
142312
143192
143928
144552
145348
107900
109512
112300
118704
107516
107788
107840
108196
110064
110060
110236
110268
110280
112032
112036
112100
112160
112316
